8.10465230648 1.72035714664e+43 4.75352246458e+41
13.9864266745 2.72658233031e+43 7.53382539432e+41
20.9304612964 4.73825703327e+43 1.30922880139e+42
28.7892200256 6.84886515991e+43 1.89241137854e+42
33.628405626 7.50963131617e+43 2.0749878147e+42
40.5330972755 9.02856264852e+43 2.49468405188e+42
46.4542146159 9.89962208661e+43 2.73536666915e+42
52.2868102685 1.03661769018e+44 2.86428052865e+42
59.1718304318 1.0854719768e+44 2.99926991118e+42
64.0208517754 1.0854719768e+44 2.99926991118e+42
72.8336775843 1.02711392207e+44 2.83802064692e+42
74.9090193764 1.02711392207e+44 2.83802064692e+42
80.7612865152 9.36739030183e+43 2.58830559231e+42
86.6725681125 8.4648373164e+43 2.33892098632e+42
93.5674240189 7.64924578611e+43 2.11356471837e+42
101.377004033 5.80254631923e+43 1.60330279873e+42
112.117635487 4.60912637466e+43 1.27354868184e+42
114.104455592 4.24246839771e+43 1.17223733881e+42
117.035507033 4.16503462278e+43 1.15084159611e+42
119.012491394 3.46432490462e+43 9.57228345919e+41
122.94678863 3.49637990829e+43 9.66085470753e+41
126.86141438 3.21824138927e+43 8.89232957832e+41
130.766204387 2.751811086e+43 7.60353502242e+41
145.519819022 2.16580132927e+43 5.98433022619e+41
149.463952002 2.04936170189e+43 5.66259564591e+41
154.26379463 1.65813014893e+43 4.58158291581e+41
157.253860529 1.61294149903e+43 4.45672206186e+41
158.227599095 1.68895708998e+43 4.6667609017e+41
159.191501918 1.48463131205e+43 6.83697985544e+41
161.237336481 1.5262251855e+43 5.62282137708e+41
173.954952297 1.23486253881e+43 3.41205128851e+41
185.787351234 1.12620802051e+43 5.18637959926e+41
189.701976984 1.04620939557e+43 4.81797231679e+41
191.678961346 1.09551572534e+43 5.04503635663e+41
193.636274221 1.10565240755e+43 5.09171750329e+41
194.61984853 1.0854719768e+43 4.9987831853e+41
196.586997148 1.04620939557e+43 5.78156678015e+41
197.5804072 1.05588985192e+43 6.80757345207e+41
198.563981509 1.223541251e+43 5.63461569044e+41
200.531130127 1.01769728503e+43 4.68666919539e+41
201.514704436 1.03661769018e+43 4.77380088109e+41
204.465427363 1.09551572534e+43 5.04503635663e+41
206.432575981 1.06565988043e+43 4.90754510977e+41
207.41615029 1.06565988043e+43 7.85207217563e+41
