5.673528935 1.10950632572e+44 3.06567927142e+43
10.1313016696 1.05957031521e+44 3.51324117039e+43
27.0789431026 1.87555490691e+44 2.59117486185e+43
27.8894472362 1.48980621834e+44 2.33267580106e+43
28.6999513698 1.50359122555e+44 3.73911848126e+43
29.5104555033 1.75844902262e+44 2.10546882327e+43
31.8366023667 1.64865499473e+44 2.42954778519e+43
34.3734803048 1.82444082874e+44 2.52055815318e+43
35.1839844383 2.0565050611e+44 2.27293339073e+43
35.8485978279 2.61294207786e+44 4.09123460459e+43
38.4260009726 2.21375615993e+44 2.44673372802e+43
40.0470092397 2.29683492162e+44 2.96164839689e+43
40.8575133733 1.8929092028e+44 4.70727127377e+43
48.1520505755 1.94594151135e+44 3.04687322279e+43
49.7730588426 1.96394708646e+44 1.08531726833e+43
50.5835629762 1.92810101234e+44 1.77584665952e+43
51.7263738045 1.21654949463e+44 2.80120873123e+43
52.5368779381 2.00045958887e+44 1.47399309711e+43
54.1578862052 1.82444082874e+44 1.68037210212e+43
55.7788944724 1.75844902262e+44 6.47836561006e+42
56.5893986059 1.60372456909e+44 7.3854245721e+42
57.3999027395 1.87555490691e+44 5.1823497237e+42
58.2104068731 1.85835971617e+44 6.84645020779e+42
59.0209110066 1.66390981157e+44 7.66258785644e+42
60.6419192738 1.50359122555e+44 3.60063261159e+43
63.8839358081 1.64865499473e+44 2.42954778519e+43
65.5049440752 1.96394708646e+44 2.35152074806e+43
71.1784730102 1.58902153386e+44 4.39062875558e+42
71.9889771438 1.29756697226e+44 1.43412401639e+43
75.6038255795 1.48980621834e+44 6.86081117958e+42
76.4143297131 1.47614759283e+44 6.79791088461e+42
78.0353379802 1.56001862228e+44 1.43683024979e+42
78.8458421138 1.40971000702e+44 6.49195449523e+42
81.2773545145 1.43591847281e+44 5.29011915239e+42
82.0878586481 1.35871941966e+44 5.00570733004e+42
82.8983627817 1.32169054337e+44 6.08660988542e+42
83.7088669152 1.09933431058e+44 1.01252431831e+43
92.6244123845 1.03069408251e+44 1.89860866386e+43
93.4349165181 1.1617957479e+44 7.49037399663e+42
94.2454206517 1.26220466993e+44 5.81266731458e+42
95.0559247852 1.07926919811e+44 6.95830566728e+42
95.8664289188 1.19434496394e+44 6.60019418366e+42
96.6769330524 1.26220466993e+44 6.9752007775e+42
97.4874371859 1.09933431058e+44 7.08767022814e+42
98.2979413195 1.22780608851e+44 6.7851071916e+42
100.259361323 1.25063270796e+44 8.06312704445e+42
101.069865456 1.19434496394e+44 1.10003236394e+43
102.690873723 1.15114434046e+44 9.54218807365e+42
106.743394391 1.06937439862e+44 1.28040928553e+43
107.553898525 9.93412871203e+43 9.14967067368e+42
108.364402658 1.06937439862e+44 8.86437197675e+42
109.174906792 1.30957321163e+44 3.49786835613e+43
116.469443994 9.06003306493e+43 1.66891976619e+43
117.279948128 7.46671857209e+43 1.37542039021e+43
118.090452261 9.66339612527e+43 1.51305384687e+43
118.900956395 1.03069408251e+44 7.59443465546e+42
119.711460528 1.05957031521e+44 6.83130227576e+42
120.521964662 1.00260480733e+44 6.46403207385e+42
121.332468796 1.01188179539e+44 4.65988787587e+42
122.142972929 9.66339612527e+43 4.45015837315e+42
122.953477063 8.65226440612e+43 1.35473510287e+43
124.096287891 1.06937439862e+44 8.86437197675e+42
126.527800292 1.00260480733e+44 2.03155293749e+43
129.769816826 6.68543672372e+43 1.47780354626e+43
131.390825093 1.15114434046e+44 2.75663211016e+43
141.116874696 7.33043559925e+43 7.42673876384e+42
147.600907765 8.33930355468e+43 7.68078242039e+42
148.743718593 8.26284836014e+43 9.13243750067e+42
149.554222727 6.62414427142e+43 9.76169974606e+42
152.796239261 7.81861417709e+43 1.08018146712e+43
153.606743394 9.48701926857e+43 2.18446691448e+43
169.816826066 8.81312201124e+43 1.5422652158e+43
